dirtyCache=true
sortingAscending=true
sortingColumn=-1
table_col_0=0.010922993
table_col_1=0.65920264
table_col_2=0.11578372
table_col_3=0.21409066
